RYO
2.0
1.3
0.4
あ
0.5
1.1
3.1
1.7
0.6
1.3
0.9
2.3
1.1
キング頑張れ
0.5
0.7
0.7
0.6
1.1
1.8333334
1.5166667
0.41666666
1.8
2.1
0.45
1.9333333
1.4
1.4
0.96666664
2.15
2.25
1.8333334
1.1666666
0.71666664
0.93333334
0.65
1.6333333
1.5
0.18333334
2.3333333
0.6166667
0.9
0.73333335
0.78333336
0.31666666
0.85
0.68333334
1.9666667
0.76666665
0.16666667
0.71666664
1.2333333
1.3333334
0.96666664
0.25
1.0666667
1.4333333
0.26666668
2.6666667
0.93333334
0.46666667
1.1166667
1.4
0.36666667
1.6833333
0.68333334
0.75
1.6833333
0.38333333
0.36666667
0.95
0.7
0.78333336
2.2166667
0.68333334
0.48333332
1.1166667
0.7
0.51666665
2.0833333
2.2
0.65
1.0833334
1.3666667
0.55
0.51666665
1.9333333
0.78333336
0.71666664
0.96666664
0.3
1.4666667
0.23333333
1.3166667
0.18333334
1.3166667
2.3666666
0.6333333
1.25
0.68333334
1.1166667
0.8666667
0.7
1.05
1.7
0.41666666
0.35
1.5
0.26666668
1.1
0.8666667
1.8
1.0833334
2.9833333
0.78333336
1.9
0.98333335
2.0833333
2.2166667
0.28333333
0.93333334
0.16666667
2.0166667
1.1833333
2.1333334
1.9666667
3.3333333
0.8833333
0.36666667
3.85
1.2166667
0.25
1.3166667
1.15
0.33333334
2.1833334
2.0666666
1.6833333
0.75
0.8666667
1.7333333
0.8666667
1.3833333
1.9166666
0.9
1.3
0.33333334
2.2
2.0166667
1.1
0.85
0.25
2.8666666
2.6666667
0.7
0.9
0.8333333
1.1166667
0.33333334
0.6666667
1.6
1.8
1.4333333
0.35
1.05
0.7
1.9
1.5333333
2.5166667
1.75
0.4
1.05
0.78333336
2.2833333
0.33333334
0.93333334
1.1666666
0.36666667
0.45
0.45
1.3166667
1.0166667
0.71666664
2.8666666
0.8
2.4333334
0.8333333
0.93333334
0.7
1.4833333
0.35
0.71666664
1.1333333
0.31666666
1.0666667
1.05
0.6
2.2
0.71666664
0.6333333
1.2
2.0666666
1.8166667
0.95
2.95
0.7
2.2166667
0.68333334
0.9
1.6
0.8
0.68333334
0.6666667
0.35
1.0666667
0.98333335
0.73333335
1.2166667
1.0
1.7333333
1.6666666
0.28333333
0.6666667
0.46666667
1.8333334
0.81666666
2.15
0.8833333
0.6333333
2.2
1.2333333
1.7833333
1.0
2.8833334
0.45
0.5
1.0833334
0.7
2.0166667
1.1666666
1.2166667
0.71666664
0.56666666
0.35
1.0
2.6333334
1.3833333
2.1
2.0
1.6666666
1.6
0.71666664
1.5166667
1.4666667
1.6833333
2.0166667
0.65
1.0666667
1.2666667
0.36666667
1.1833333
2.7666667
0.6
1.8
0.65
0.43333334
1.6666666
1.2833333
1.8
0.43333334
0.9166667
0.38333333
2.0833333
1.1
2.5333333
0.68333334
0.8833333
0.16666667
1.7333333
1.3166667
0.31666666
0.81666666
0.5833333
0.65
0.4
2.6
1.05
0.78333336
0.6333333
1.0166667
1.85
0.7
1.3166667
2.5333333
0.68333334
1.4
0.51666665
0.28333333
1.2166667
0.8333333
2.4333334
1.1333333
1.2
0.68333334
1.55
0.33333334
1.2
2.5166667
2.2833333
0.23333333
2.15
0.48333332
0.8833333
0.71666664
0.26666668
1.15
1.9333333
0.36666667
4.3
0.41666666
1.5333333
0.75
1.8166667
2.2333333
0.43333334
1.05
0.8333333
1.8666667
1.9
1.1166667
2.5
1.1
2.4333334
0.36666667
1.1333333
0.55
0.96666664
0.6166667
2.2
1.9833333
1.7666667
3.6833334
0.18333334
1.4666667
0.78333336
0.6
0.48333332
0.46666667
0.76666665
0.18333334
1.2333333
1.0166667
1.9666667
3.2
5.3166666
1.4333333
2.35
0.93333334
0.8333333
0.76666665
1.5666667
0.65
0.56666666
4.016667
0.6333333
0.8833333
2.7
0.6666667
2.7833333
0.95
0.35
2.15
1.5
0.6166667
2.0
1.2166667
1.8333334
1.25
1.6
1.1833333
0.5833333
0.43333334
2.9666667
2.45
4.9166665
1.3833333
0.81666666
0.75
0.5
1.6
1.2833333
2.6
0.4
0.93333334
0.38333333
0.43333334
0.98333335
1.2333333
0.95
0.6
1.1
2.1333334
1.1166667
0.4
0.11666667
0.21666667
5.6
2.6166666
2.2666667
1.4
1.1666666
1.0333333
0.48333332
2.45
3.8333333
1.8833333
0.2
2.9
1.55
4.233333
4.6666665
5.7833333
2.2166667
2.7833333
0.8666667
1.4666667
0.25
2.1333334
4.483333
0.41666666
1.0833334
5.55
8.233334
1.55
3.55
3.85
2.0
0.15
2.75
0.6166667
1.5166667
2.2666667
4.5833335
2.35
3.05
4.3166666
1.4666667
1.4166666
1.1166667
1.0833334
2.1
2.0166667
0.55
0.85
2.0166667
1.25
4.0
2.8333333
0.4
1.9166666
3.7
6.133333
2.5833333
3.0833333
1.15
0.6166667
2.0833333
6.866667
2.7833333
0.6166667
0.65
1.1666666
0.78333336
1.2833333
3.2833333
2.35
3.1166666
3.8166666
1.7333333
1.8833333
0.5
1.2333333
0.7
1.45
0.43333334
1.1
0.68333334
0.85
0.31666666
1.3666667
0.8333333
1.3333334
0.56666666
1.0
0.75
2.2833333
0.5
0.51666665
1.05
0.9166667
1.45
1.3666667
1.2
0.25
1.7
1.1333333
1.0666667
0.23333333
1.8166667
0.2
2.2333333
5.0
1.0166667
3.1666667
0.53333336
2.0
4.2
3.3333333
0.6166667
0.8
3.4166667
0.55
1.45
0.18333334
1.9
1.2
4.0666666
1.0333333
2.5
0.16666667
5.45
3.3833334
5.616667
1.2666667
2.9833333
1.3666667
2.1666667
3.8666666
1.6333333
0.8333333
3.6333334
1.6666666
1.0833334
0.6666667
2.75
5.983333
2.1
0.73333335
0.2
1.3333334
3.2833333
1.7833333
1.65
2.8166666
1.9666667
0.31666666
2.2833333
1.75
2.2
0.53333336
0.6333333
0.6
1.0666667
0.6666667
0.18333334
1.0333333
0.8666667
1.1166667
1.0833334
0.35
1.5333333
2.6666667
1.8
2.1
1.7833333
0.7
3.9
1.3
0.85
0.68333334
0.73333335
0.2
0.45
1.0333333
1.3
1.2
1.3166667
0.6666667
1.5166667
0.5
0.93333334
2.7166667
2.7166667
1.4166666
2.1166666
2.5666666
1.2833333
1.3333334
1.3166667
2.2333333
2.1166666
2.8833334
1.3666667
2.5
7.516667
4.4666667
3.6666667
0.6
0.9
1.1666666
0.78333336
0.6166667
1.8666667
0.46666667
0.93333334
0.8666667
0.2
0.6666667
2.0166667
0.8
0.71666664
0.43333334
1.1166667
0.45
1.8
0.53333336
0.21666667
0.9166667
2.5166667
0.51666665
0.93333334
1.25
1.9333333
0.96666664
1.1666666
0.6666667
0.18333334
2.65
1.45
0.31666666
2.5833333
0.18333334
0.8666667
1.25
0.45
1.1666666
1.5166667
1.5666667
1.6
2.8166666
0.9166667
0.98333335
1.9
0.65
0.16666667
0.68333334
1.15
0.78333336
1.7166667
1.6
2.0333333
0.8
0.78333336
1.0
1.0166667
1.0833334
0.78333336
2.2833333
1.8666667
1.3
1.5
0.6666667
0.7
1.5333333
1.3166667
1.1833333
0.9
0.55
0.25
0.2
0.93333334
1.6
1.3
0.76666665
0.56666666
0.53333336
0.81666666
0.6666667
0.5833333
0.43333334
0.8
0.3
0.9
1.5333333
0.8
0.65
1.05
0.33333334
1.2666667
0.68333334
0.75
1.4666667
0.56666666
0.8833333
2.2166667
0.93333334
0.2
1.9333333
2.1
1.8666667
1.75
1.5333333
1.8333334
0.41666666
2.6333334
0.8
2.9166667
1.8
1.3666667
1.4666667
0.15
3.3833334
1.2666667
0.9
1.0833334
0.6166667
0.96666664
0.35
0.8666667
0.6166667
0.2
0.71666664
0.96666664
0.2
1.2333333
1.7333333
0.48333332
0.8666667
1.2
0.98333335
0.78333336
0.65
2.15
0.45
1.7666667
3.6333334
1.0333333
0.65
0.93333334
0.9
1.5166667
1.5666667
2.0333333
2.3333333
0.26666668
1.9833333
1.45
2.4166667
0.43333334
0.9
0.71666664
2.8833334
0.2
2.4166667
0.75
0.68333334
1.0333333
2.4666667
4.2833333
4.7
6.383333
2.0
0.6666667
1.65
2.5166667
3.8166666
0.2
1.85
1.6666666
6.2833333
0.38333333
2.7166667
1.1666666
0.21666667
4.55
1.2
0.18333334
0.8333333
1.0166667
0.6333333
0.26666668
0.7
0.35
0.71666664
0.85
1.7666667
2.7333333
1.6166667
2.45
5.4333334
0.6666667
1.7666667
2.1166666
0.98333335
1.0
4.766667
2.6833334
2.2666667
2.4333334
0.85
0.26666668
1.7166667
1.5
0.18333334
0.2
3.3666666
0.5833333
1.3166667
0.21666667
1.6333333
0.46666667
0.9
1.0166667
0.18333334
1.1333333
0.98333335
0.8333333
1.2333333
0.68333334
0.45
0.8833333
0.68333334
4.9
1.2166667
3.4166667
2.1166666
0.3
1.8833333
0.85
1.3666667
0.9166667
1.6666666
1.65
2.35
2.8666666
0.76666665
0.55
1.9666667
5.05
1.0166667
0.2
0.68333334
0.81666666
1.25
1.9833333
2.1
2.7166667
1.55
0.38333333
0.76666665
1.6
0.41666666
3.3833334
0.6166667
0.6166667
1.1666666
1.6833333
1.6833333
0.2
0.8666667
0.18333334
1.5666667
1.3
2.5666666
0.6333333
0.5
0.6666667
2.1333334
0.8833333
3.6666667
1.7833333
1.6
2.5333333
0.9
2.8166666
1.4833333
2.1666667
1.2833333
1.05
0.93333334
1.9
0.51666665
4.25
0.68333334
2.2166667
0.26666668
0.73333335
0.8333333
1.0666667
2.5833333
0.46666667
1.4666667
1.5166667
2.0
6.0333333
1.6333333
1.3
1.6166667
1.2166667
1.6166667
7.4166665
1.4166666
2.8333333
1.8333334
0.36666667
2.55
5.35
3.2
2.1166666
0.55
2.2833333
1.3666667
0.6166667
1.6666666
1.0166667
0.5833333
1.95
3.6166666
3.7166667
4.4166665
4.7
1.5666667
0.16666667
5.9166665
0.51666665
1.9666667
4.9666667
0.2
1.2166667
0.46666667
1.05
0.33333334
1.0833334
1.2166667
1.2166667
0.93333334
1.0
0.21666667
0.93333334
0.95
0.71666664
0.5
0.73333335
0.8833333
1.0666667
0.5833333
0.93333334
0.6
0.18333334
0.75
0.75
1.1666666
1.35
0.8333333
0.6333333
1.2666667
0.6333333
3.7666667
3.9333334
1.1833333
1.1333333
0.76666665
3.1666667
1.6
1.1333333
1.2333333
1.35
0.73333335
0.3
0.45
3.2166667
2.8666666
0.33333334
1.3666667
0.95
1.95
1.8333334
1.75
0.51666665
0.55
0.9
0.8833333
0.53333336
0.8333333
1.25
0.95
0.8
0.46666667
0.45
0.81666666
0.2
2.7166667
1.0833334
0.8333333
0.21666667
0.93333334
0.98333335
0.23333333
0.6666667
0.65
1.1333333
1.0666667
0.8333333
0.7
0.73333335
2.0166667
1.6833333
1.0833334
0.16666667
0.73333335
3.6666667
3.0833333
0.78333336
0.9166667
1.7166667
1.4833333
1.5833334
1.1166667
0.56666666
0.95
0.53333336


avg: 1.4753519
max: 8.233334